# Number of parameters = 115  Objective function value = 1408.55  Maximum gradient component = 2.44542e-005
# logsigmaC:
-0.563464321164
# logsigmaU1:
0.244271764579
# logsigmaU2:
0.221398293762
# logsigmaU3:
-0.789181555194
# logsigmaSWTS:
 -1.29618329760 -1.91828519340 -1.44831744850 -1.19540532251 -0.715137333269 -0.184162324205 0.290417568036 0.372097056876 0.317963778107 0.449179819633
# logsigmaCWTS:
 -1.57309674344 -2.38864877362 -1.81830943860 -1.68710732557 -0.827979548225 -0.348031671142 -0.120851030884 0.162603966500 0.171198021731 0.571128313076
# K:
2.11682395673
# loga0:
0.615450125082
# logCWfact:
-0.0335395832779
# sigma_offset_CU:
 -0.932808885543 -0.513144727648 -0.265036747016 -0.0943770953038 0.0539662862090 0.0384793517548 0.0340889379285 0.543551497500 0.376871685501
# log_sel_coff1:
 -6.20421406738 6.79190772314 -2.58298670220 -0.409428412836
# log_sel_coff2:
 -3.12768553883 -0.816090365900
# log_sel_cofU1:
 -3.55560506321 -4.10480593538 -5.66920073967 -4.57402646174
# log_sel_cofU2:
 -7.86467674199 -7.67270712091 -9.74425084506 -9.22445456721
# log_sel_cofU3:
 -7.28217455461 -0.468277596842 -4.69580103057 -3.37501177512
# log_temp_coff:
 -0.506365127570 -0.369586554262 0.964980432353 -0.195109847360 -0.323380186293
# log_temp_wts_Linf:
 1.48510895461 1.50379797708 1.54748288631 1.47895720821 1.47984280422
# log_initpop:
 8.24172787203 9.11268140309 9.38890515444 8.47426309925 7.97909570806 8.13908219211 7.89736138666 8.41033544216 8.88056570227 8.65061496916 7.91718836402 8.25016257711 8.62163079615 8.46098232389 8.68489727820 8.95958603654 8.74630330823 8.75601038344 8.73651709275 8.60917284795 9.01093636987 8.34929453064 8.13344755278 8.23630132818 7.64921388572 8.16213963369 7.86134861782 8.62168000941 8.51369386360 8.72897157793 8.49094663783 9.06804712996 8.66319657613 7.99127284534 8.23653507787 8.54737338234 8.85200709041 8.40427118716 7.82218764153 8.69264963554 8.45332827462 4.45729735658 8.42131581415 7.93281220524 6.76548433947 6.23184682970 6.16247613983 5.93271778538 5.53398531140 5.41347291724 6.75666796706
