Turbot in IV - Landings at age (thousands) 												
1	2								
1975	2017								
1	10								
1									
0.8	427	1012	239	108	124.2	90	46.9	41.7	146.2
0	350	1346	392	114	75.9	57.4	50.2	38.2	173.8
18.2	895	644	531	166	43.8	30.5	42	36.6	142
0	1324	1273	309	268	76	37.6	29	20.4	64.7
-1	-1	-1	-1	-1	-1	-1	-1	-1	-1
-1	-1	-1	-1	-1	-1	-1	-1	-1	-1
0	299	755	532	458	175	67	35	40	32
0	169	1046	267	167	292	98	49	41	65
0	402	673	479	110	113	180	91	31	81
0	1296	1223	311	157	60	57	74	51	70
0	795	2415	654	179	109	26	38	48	74
0	371	1470	697	183	67	29	16	18	90
13	648	546	676	158	52	19	5	5	60
36	1084	897	178	176	90	28	42	10	25
0	594	1037	315	139	73	28	22	10	29
43	957	1032	305	160	73	98	58	13	39
-1	-1	-1	-1	-1	-1	-1	-1	-1	-1
-1	-1	-1	-1	-1	-1	-1	-1	-1	-1
-1	-1	-1	-1	-1	-1	-1	-1	-1	-1
-1	-1	-1	-1	-1	-1	-1	-1	-1	-1
-1	-1	-1	-1	-1	-1	-1	-1	-1	-1
-1	-1	-1	-1	-1	-1	-1	-1	-1	-1
-1	-1	-1	-1	-1	-1	-1	-1	-1	-1
0	540	1158	476	97	39.3	11.3	10.1	0.91	8
-1	-1	-1	-1	-1	-1	-1	-1	-1	-1
4.5	255	938	270	315	144.7	116.1	51.3	58.79	72.36
0	478	1642	357	64	75.5	55.1	64.7	21.58	61.14
468	1283	1237	265	123	32.1	16.4	17.3	3.27	9.79
267	2429	586	378	90	41.9	26.3	9	7.67	9.43
490.8	2234	894	156	93	10.9	8.5	4.1	1.02	1.73
291.1	1678	611	195	21	18.5	2.2	11.8	1.03	3.42
705.7	1312	644	95	28	6.3	12.9	3.1	0.7	10.66
79.9	2829	627	290	41	29.6	8.4	9.5	0.35	6.34
184.5	1404	854	229	203	49	13.4	1.2	6.81	2.62
116.9	1076	1005	434	92	25.9	11.4	7.8	1.65	9.71
236.8	1193	328	263	146	74.9	26	6	4.48	6.14
219.1	2017	626	115	143	80	33.5	16.3	3.37	4.84
0	1949.35	793.35	272.35	43.35	65.25	74.55	13.65	6.88	4.71
161.68	1480.55	1013.13	304.82	85.22	24.34	39.35	16.95	2.76	4.54
70.04	398.3	661.35	695.2	139.84	123.96	38.66	55.40	18.49	32.97
40.97   1266.01 484.18  339.98  329.53  114.32  44.98   28.31   22.25   32.50        
0    	1146.81 1096.25	367.82  395.13  206.64  49.78   30.97    4.63   42.27
5.53    264.18  1330.14 480.25  111.12  50.16   78.55   15.97   11.56   21.07