Turbot	in	IV	-	22/04/2015					
105									
SNS									
1975	2017								
1	1	0.66	0.75						
1	7								
1	92.7765	80.0575	19.9635	6.8025	2.5955	2.9235	0.6775		
1	43.9395	53.5585	12.8505	4.5435	2.2625	1.5405	0.4575		
1	406.444	212.49	43.5875	12.0325	8.4625	3.3085	1.7745		
1	27.5655	121.515	49.0915	17.3695	7.5775	4.5425	2.3125		
1	14.5295	107.775	45.9225	13.9525	8.0695	4.8685	2.4875		
1	109.981	66.3845	24.5475	8.4455	3.7515	2.5315	1.6905		
1	23.6485	65.2125	23.7685	7.4655	8.0285	5.1455	4.2085		
1	87.7025	40.0155	7.5965	1.7605	1.2525	0.3035	0.7955		
1	151.581	146.607	27.7185	8.7335	2.7935	2.9135	1.1675		
1	88.7745	76.0395	24.9595	9.5415	5.1865	3.1565	1.3265		
1	42.6505	93.7175	21.9185	6.8335	3.9385	3.0565	0.7115		
1	24.1895	15.9245	4.9955	1.8845	2.7715	3.3135	1.2595		
1	62.2215	16.8645	3.2955	1.0885	0.2885	0.6675	0.4785		
1	166.659	101.504	17.9345	4.2315	1.1895	0.6835	0.6684		
1	62.5885	44.8695	13.2645	5.7775	3.4475	1.1415	0.7695		
1	231.008	102.836	22.3815	4.7845	2.2265	0.2685	2.7135		
1	37.5065	75.4595	21.0285	6.2545	2.6065	2.5775	0.6465		
1	249.099	106.498	33.3155	14.6285	7.5245	4.7545	0.7845		
1	146.626	154.488	33.8125	9.1675	3.8695	2.8315	0.8465		
1	94.9145	47.8945	16.5355	9.2765	4.5725	0.9505	1.3515		
1	189.31	58.2185	5.2265	2.5675	0.8135	0.8495	0.6245		
1	80.0705	79.0695	17.8295	4.7915	1.1525	2.1045	0.8065		
1	31.3715	27.4255	9.3865	5.3905	4.1575	0.5675	1.6635		
1	53.3635	41.9375	9.8765	2.5165	1.6535	0.9105	0.5725		
1	156.419	97.0725	28.3925	9.1855	3.7725	2.0645	1.3765		
1	147.808	41.0165	5.4855	2.2645	1.0855	0.9295	0.7035		
1	45.5375	31.4445	19.1445	4.7515	3.5365	1.2165	1.6635		
1	127.094	53.1605	14.2155	3.2315	0.4025	1.0425	0		
1	-1	-1	-1	-1	-1	-1	-1		
1	186.515	27.0285	18.7565	4.0895	2.9985	3.4225	0		
1	75.3905	155.548	23.6635	0	0	0	0		
1	196.154	97.4725	14.8685	3.6135	1.0895	0	0		
1	89.7415	55.6055	33.7815	11.8455	1.3245	0	0		
1	52.0905	99.7425	40.8285	11.8675	10.9225	1.2005	7.4825		
1	26.2675	20.3115	5.6455	14.4675	5.0895	0	0		
1	96.0185	35.8115	9.2565	5.3675	3.7005	6.7565	1.2005		
1	116.69	36.8895	0	0	0	1.6895	0		
1	39.8585	33.5115	9.4645	1.2325	0	0	0		
1	110.16	16.1155	15.6395	0.4405	0	0	0		
1	102.714	18.3059	9.4471	6.1647	4.7412	1.2	0.9412		
1	273.794	45.873	2	2	0	0	0		
1	52.833	115.686	26.71	2	1.3095	0.5	0
1 	275.408	51.376  56.126  0.5     0       0.5     0	
BTS-ISIS									
1985	2017								
1	1	0.66	0.75						
1	7								
1	0.39545	1.28365	0.26525	0.11355	0.05375	0.02135	0.00955		
1	0.22755	0.90425	0.27645	0.10075	0.04255	0.01925	0.00745		
1	0.26385	1.08715	0.27415	0.11135	0.05005	0.03425	0.00765		
1	0.58935	1.19375	0.30315	0.08525	0.03035	0.02755	0.00745		
1	0.37815	1.35885	0.39915	0.12165	0.03985	0.02615	0.01545		
1	2.08255	1.24465	0.25975	0.12565	0.06665	0.02745	0.00965		
1	1.22675	1.66485	0.21705	0.02365	0.01415	0	0.01215		
1	1.36115	1.17845	0.31985	0.03375	0.01545	0.01055	0.00335		
1	1.67955	1.40555	0.18545	0.05225	0.04505	0.00175	0.00075		
1	1.83025	1.58005	0.10225	0.03125	0.00625	0.00325	0.00325		
1	1.83265	0.60705	0.10125	0.01185	0.00895	0.00345	0		
1	0.61465	1.90125	0.11255	0.07465	0.04045	0	0.00915		
1	0.66885	1.30755	0.37765	0.02625	0.03805	0.01335	0.01155		
1	1.91495	0.91595	0.23285	0.15245	0.00475	0	0.00135		
1	1.24255	1.18095	0.19545	0.09545	0.01665	0.00265	0.00115		
1	4.21375	0.84715	0.38565	0.16375	0.05395	0.05465	0		
1	1.04385	1.40955	0.12875	0.15225	0	0	0.04025		
1	2.81445	0.49315	0.14595	0.04625	0.03195	0.02175	0.00095		
1	1.54345	0.87475	0.10115	0.05435	0	0.01215	0.01145		
1	2.16585	0.63995	0.35895	0	0.06855	0.01715	0		
1	1.14255	1.53825	0.52595	0.11575	0.03595	0.00625	0.01215		
1	1.70525	0.79935	0.27315	0.11375	0.00475	0	0		
1	1.34235	0.90235	0.56285	0.27955	0.09035	0.06005	0		
1	1.19555	1.12475	0.43125	0.14325	0.07615	0.01735	0.07975		
1	0.97165	0.41985	0.34585	0.28145	0.15225	0.04955	0.00505		
1	1.69095	0.34825	0.09925	0.07015	0.08895	0.01465	0.01465		
1	1.84005	0.89155	0.16335	0.06325	0.06535	0.01665	0		
1	0.97725	0.93035	0.24015	0.23555	0.02135	0.04495	0.08375		
1	0.66795	0.58505	0.45565	0.15835	0.01775	0.03735	0.04055		
1	2.26954	0.17582	0.22454	0.32127	0.12045	0.04955	0.01422		
1	4.27908	1.16285	0.19162	0.08827	0.09938	0	0.01235		
1	0.77369	1.90925	0.45058	0.05635	0.03461	0.03657	0.02381	
1	2.65388	0.46027 0.84265 0.05767 0.01286 0.01414 0.03867
NL_LPUE_orig									
1996	2016								
1	1	0	1						
-1	-1								
1	52.080								
1	53.917								
1	51.877								
1	52.437								
1	60.405								
1	65.718								
1	66.545								
1	68.835								
1	70.225								
1	67.795								
1	69.505								
1	89.185								
1	102.285								
1	105.585								
1	86.595								
1	97.285								
1	93.515								
1	105.955								
1	89.775								
1	94.895								
1	108.18								
NL_LPUE_age									
2002	2016								
1	1	0	1						
1	9								
1	1.855	14.175	30.435	8.835	6.215	2.155	0.765	0.985	0.165
1	2.445	26.265	14.975	15.425	4.285	2.715	1.615	0.545	0.745
1	3.085	27.655	24.205	5.395	6.075	1.255	0.975	0.345	0.145
1	1.395	23.135	25.495	11.015	1.825	2.855	0.175	0.485	0.195
1	4.115	20.265	27.555	8.395	4.135	1.295	1.615	0.395	0.045
1	1.035	44.695	21.275	14.305	3.945	2.865	0.495	0.725	0.015
1	2.825	31.725	35.775	11.755	12.595	3.735	2.635	0.285	0.775
1	0.945	17.745	38.265	29.205	8.685	4.245	2.015	1.345	0.155
1	3.135	25.515	16.365	17.155	12.945	6.115	2.855	1.225	0.975
1	4.765	31.315	26.085	9.205	11.115	9.125	3.635	1.455	0.585
1	4.445	36.965	23.355	12.035	3.925	5.735	5.205	0.915	0.935
1	3.545	24.035	38.915	17.705	7.705	4.655	6.495	3.915	0.645
1	1.895	14.985	27.385	23.805	10.735	6.315	2.085	2.635	2.225
1	0.875	33.225	17.015	12.325	19.635	6.835	2.055	1.295	1.635
1	0.015	25.165	38.595	13.615	15.675	11.125	2.285	1.315	0.385
NL_LPUE_ModelD									
1995	2017								
1	1	0	1						
-1	-1								
1   0.0422
1   0.0369
1   0.0372
1   0.0345
1   0.0344
1   0.0440
1   0.0456
1   0.0453
1   0.0468
1   0.0476
1   0.0471
1   0.0484
1   0.0642
1   0.0666
1   0.0659
1   0.0583
1   0.0592
1   0.0733
1   0.0751
1   0.0745
1   0.0871
1   0.0968
1   0.0927