Turbot in IV Mean Weight in Landings								
1	3								
1975	2017								
1	10								
1									
0.277947 0.596682 1.03065 1.55854 2.15555 2.79738 3.46232 4.13218 4.79243 5.43203
0.28796 0.618177 1.06778 1.61469 2.2332 2.89815 3.58705 4.28104 4.96508 5.62772
0.298592 0.641001 1.1072 1.6743 2.31566 3.00515 3.71949 4.4391 5.14839 5.8355
0.309779 0.665017 1.14869 1.73703 2.40241 3.11775 3.85884 4.60542 5.34128 6.05413
0.321446 0.690062 1.19195 1.80245 2.49289 3.23516 4.00417 4.77886 5.54244 6.28213
0.333501 0.715943 1.23665 1.87005 2.58639 3.3565 4.15435 4.95809 5.75031 6.51774
0.34584 0.742431 1.2824 1.93924 2.68208 3.48068 4.30805 5.14153 5.96305 6.75888
0.358339 0.769262 1.32875 2.00933 2.77901 3.60647 4.46374 5.32734 6.17856 7.00315
0.370857 0.796135 1.37517 2.07952 2.87609 3.73246 4.61967 5.51344 6.3944 7.2478
0.383236 0.822709 1.42107 2.14893 2.97209 3.85704 4.77387 5.69747 6.60783 7.48971
0.395298 0.848605 1.4658 2.21657 3.06564 3.97845 4.92413 5.87681 6.81582 7.72547
0.406853 0.87341 1.50864 2.28136 3.15525 4.09474 5.06807 6.04859 7.01505 7.95128
0.417692 0.896679 1.54884 2.34214 3.23931 4.20383 5.20309 6.20973 7.20194 8.16311
0.427597 0.917941 1.58556 2.39768 3.31612 4.30351 5.32647 6.35698 7.37272 8.35668
0.43634 0.93671 1.61798 2.4467 3.38392 4.3915 5.43538 6.48696 7.52347 8.52755
0.443691 0.952492 1.64524 2.48792 3.44094 4.46549 5.52695 6.59626 7.65022 8.67122
0.449423 0.964797 1.6665 2.52006 3.48539 4.52318 5.59835 6.68147 7.74905 8.78324
0.453317 0.973155 1.68094 2.5419 3.51558 4.56237 5.64685 6.73935 7.81619 8.85934
0.455169 0.977132 1.6878 2.55228 3.52995 4.58101 5.66993 6.76689 7.84813 8.89554
0.454801 0.976342 1.68644 2.55022 3.5271 4.57731 5.66535 6.76142 7.84178 8.88835
0.452066 0.970469 1.6763 2.53488 3.50588 4.54977 5.63127 6.72075 7.79462 8.83489
0.446854 0.959281 1.65697 2.50566 3.46546 4.49732 5.56635 6.64327 7.70475 8.73303
0.439179 0.942806 1.62851 2.46262 3.40594 4.42008 5.47075 6.52918 7.57243 8.58304
0.429399 0.921809 1.59224 2.40778 3.33009 4.32164 5.34891 6.38377 7.40379 8.3919
0.417953 0.897237 1.5498 2.3436 3.24133 4.20645 5.20633 6.2136 7.20643 8.1682
0.405272 0.870015 1.50278 2.27249 3.14298 4.07882 5.04837 6.02508 6.98779 7.92038
0.391763 0.841016 1.45269 2.19675 3.03822 3.94287 4.8801 5.82425 6.75487 7.65638
0.377802 0.811045 1.40092 2.11846 2.92995 3.80236 4.70619 5.6167 6.51415 7.38353
0.363726 0.780826 1.34872 2.03953 2.82078 3.66068 4.53084 5.40742 6.27144 7.10843
0.34983 0.750996 1.2972 1.96161 2.71302 3.52083 4.35775 5.20084 6.03185 6.83686
0.336372 0.722104 1.24729 1.88615 2.60865 3.38538 4.1901 5.00076 5.7998 6.57384
0.323568 0.694619 1.19982 1.81436 2.50935 3.25653 4.03061 4.81042 5.57904 6.32362
0.311604 0.668933 1.15545 1.74726 2.41656 3.13611 3.88157 4.63254 5.37274 6.08979
0.300631 0.645378 1.11476 1.68574 2.33147 3.02567 3.74488 4.46941 5.18355 5.87534
0.29078 0.624231 1.07824 1.6305 2.25507 2.92653 3.62218 4.32296 5.0137 5.68283
0.282164 0.605734 1.04629 1.58219 2.18825 2.83981 3.51484 4.19486 4.86513 5.51443
0.274883 0.590104 1.01929 1.54136 2.13179 2.76654 3.42415 4.08663 4.7396 5.37215
0.269037 0.577553 0.99761 1.50858 2.08645 2.7077 3.35132 3.9997 4.63879 5.25788
0.264725 0.568297 0.981623 1.4844 2.05301 2.6643 3.29762 3.93561 4.56445 5.17362
0.262063 0.562582 0.971751 1.46947 2.03236 2.63751 3.26445 3.89603 4.51855 5.12159
0.261184 0.560696 0.968493 1.46455 2.02555 2.62867 3.25351 3.88297 4.5034 5.10442
0.262256 0.562997 0.972468 1.47056 2.03386 2.63946 3.26686 3.8989 4.52188 5.12537
0.265489 0.569937 0.984455 1.48868 2.05893 2.67199 3.30713 3.94696 4.57762 5.18855
