Turbot in IV Mean Weight in Stock (Q2 wts) 								
1	4								
1975	2017								
1	10								
1									
0.268236 0.575835 0.994643 1.50409 2.08024 2.69964 3.34135 3.98781 4.62499 5.24224
0.2779 0.59658 1.03047 1.55828 2.15518 2.7969 3.46173 4.13147 4.79161 5.4311
0.28816 0.618606 1.06852 1.61581 2.23475 2.90016 3.58954 4.28401 4.96852 5.63162
0.298956 0.641783 1.10855 1.67635 2.31848 3.00882 3.72402 4.44451 5.15467 5.84261
0.310215 0.665953 1.1503 1.73948 2.4058 3.12213 3.86427 4.6119 5.3488 6.06265
0.32185 0.690929 1.19345 1.80472 2.49602 3.23923 4.0092 4.78486 5.5494 6.29003
0.333757 0.716492 1.2376 1.87149 2.58837 3.35907 4.15753 4.96189 5.75472 6.52274
0.345819 0.742386 1.28233 1.93912 2.68192 3.48047 4.30779 5.14122 5.9627 6.75848
0.3579 0.76832 1.32712 2.00686 2.7756 3.60205 4.45827 5.32082 6.17099 6.99457
0.369846 0.793965 1.37142 2.07385 2.86825 3.72228 4.60708 5.49842 6.37697 7.22804
0.381488 0.818957 1.41459 2.13913 2.95853 3.83945 4.7521 5.67149 6.57769 7.45555
0.392639 0.842895 1.45594 2.20165 3.04501 3.95168 4.891 5.83727 6.76996 7.67348
0.403099 0.865351 1.49472 2.26031 3.12613 4.05695 5.0213 5.99278 6.95032 7.87791
0.412657 0.88587 1.53017 2.31391 3.20026 4.15316 5.14037 6.13488 7.11513 8.06472
0.421095 0.903984 1.56146 2.36122 3.2657 4.23808 5.24548 6.26032 7.26062 8.22962
0.42819 0.919214 1.58776 2.401 3.32072 4.30948 5.33385 6.3658 7.38294 8.36827
0.433721 0.931089 1.60827 2.43202 3.36362 4.36515 5.40276 6.44803 7.47832 8.47638
0.437479 0.939155 1.62221 2.45309 3.39276 4.40297 5.44956 6.5039 7.54311 8.54981
0.439266 0.942993 1.62884 2.46311 3.40662 4.42096 5.47183 6.53047 7.57393 8.58475
0.438911 0.942231 1.62752 2.46112 3.40387 4.41739 5.46741 6.52519 7.56781 8.57781
0.436271 0.936563 1.61773 2.44632 3.38339 4.39082 5.43452 6.48595 7.52229 8.52621
0.431242 0.925766 1.59908 2.41811 3.34439 4.34019 5.37187 6.41117 7.43556 8.42792
0.423835 0.909866 1.57162 2.37658 3.28695 4.26565 5.27961 6.30106 7.30786 8.28317
0.414396 0.889603 1.53662 2.32366 3.21375 4.17066 5.16203 6.16073 7.14511 8.0987
0.40335 0.86589 1.49566 2.26172 3.12808 4.05948 5.02443 5.99651 6.95465 7.88282
0.391112 0.839618 1.45028 2.1931 3.03317 3.93632 4.87199 5.81458 6.74365 7.64366
0.378076 0.811632 1.40194 2.12 2.93207 3.80511 4.7096 5.62077 6.51887 7.38888
0.364603 0.782709 1.35198 2.04445 2.82758 3.66951 4.54176 5.42046 6.28656 7.12557
0.351018 0.753546 1.3016 1.96827 2.72223 3.53279 4.37254 5.2185 6.05233 6.86007
0.337608 0.724758 1.25188 1.89308 2.61823 3.39782 4.2055 5.01914 5.82111 6.59799
0.32462 0.696876 1.20372 1.82025 2.51751 3.26711 4.04371 4.82605 5.59716 6.34416
0.312264 0.67035 1.1579 1.75097 2.42168 3.14275 3.88979 4.64235 5.38412 6.10269
0.300717 0.645562 1.11508 1.68622 2.33213 3.02654 3.74596 4.47069 5.18503 5.87702
0.290128 0.62283 1.07582 1.62684 2.25001 2.91996 3.61405 4.31326 5.00244 5.67007
0.280621 0.602422 1.04057 1.57353 2.17629 2.82429 3.49563 4.17193 4.83853 5.48428
0.272306 0.584571 1.00973 1.52691 2.1118 2.7406 3.39204 4.04831 4.69515 5.32177
0.26528 0.569487 0.983678 1.48751 2.05731 2.66988 3.30452 3.94385 4.57401 5.18446
0.259637 0.557374 0.962755 1.45587 2.01355 2.61309 3.23423 3.85996 4.47672 5.07418
0.255476 0.548442 0.947327 1.43254 1.98128 2.57122 3.1824 3.79811 4.40498 4.99287
0.252907 0.542927 0.9378 1.41813 1.96136 2.54536 3.1504 3.75991 4.36068 4.94266
0.252059 0.541107 0.934656 1.41338 1.95478 2.53683 3.13984 3.74731 4.34606 4.92609
0.253094 0.543327 0.938492 1.41918 1.9628 2.54724 3.15272 3.76268 4.3639 4.9463
0.256213 0.550025 0.95006 1.43667 1.987 2.57864 3.19159 3.80907 4.41769 5.00727
