Survey index for turbot in area IV and IIIa. Delta-Lognormal GAM with ship effects. 
2002 2016 
1 1  0.65 0.65 
1 5 
1 251.4161 112.9653 27.3342 1.5521 12.7443
1 180.2995 145.2331 11.0936 8.6865 7.7707
1 202.0585 95.8822 52.5431 35.6956 0
1 104.0222 155.9074 87.7455 20.7926 15.7507
1 208.0997 131.3996 54.405 15.3136 3.0269
1 148.2441 195.2059 86.6716 59.257 28.4931
1 119.2048 190.5823 92.7299 20.99 27.8921
1 138.7963 73.6361 99.3952 72.426 56.0522
1 164.561 111.3568 31.3914 11.4741 23.4299
1 245.2107 157.1206 26.8892 3.0266 43.5931
1 124.0426 197.4616 90.6359 49.5946 55.0751
1 86.2142 117.6584 117.0164 30.0313 21.9021
1 263.5533 68.1794 74.713 69.1636 27.3571
1 494.676 215.1968 43.9244 11.265 30.3084
1 123.8979 306.4842 105.8291 5.5273 23.6693
