Survey index for turbot in area IV and IIIa. gamma GAM with ship effects. 
2002 2016 
1 1  0.65 0.65 
1 5 
1 210.4242 97.8789 28.9255 6.1903 17.1121
1 155.9206 146.8174 13.197 11.1864 6.5409
1 212.7695 94.5135 49.4735 33.911 0
1 101.7786 179.7096 87.7089 20.9728 14.7514
1 200.3758 144.8922 60.6239 15.7143 3.1058
1 123.909 185.5998 93.9208 62.4415 29.3854
1 133.2685 192.377 91.326 20.2927 28.6216
1 141.0138 68.836 94.5761 69.6628 55.1624
1 153.3284 96.5128 29.3069 11.3823 25.3088
1 261.4181 148.6612 27.6085 5.7071 39.6799
1 122.5659 216.9693 89.0948 46.6816 47.3794
1 85.274 110.1866 118.8864 38.4699 19.3691
1 256.2754 62.5877 74.9475 63.7319 26.2632
1 463.6577 188.6388 44.4596 13.5927 32.6781
1 113.4976 315.233 110.4168 10.0045 28.0139
