Turbot	in	IV	-	22/04/2015					
116									
SNS									
1975	2016								
1	1	0.66	0.75						
1	7								
1	92.7765	80.0575	19.9635	6.8025	2.5955	2.9235	0.6775		
1	43.9395	53.5585	12.8505	4.5435	2.2625	1.5405	0.4575		
1	406.444	212.49	43.5875	12.0325	8.4625	3.3085	1.7745		
1	27.5655	121.515	49.0915	17.3695	7.5775	4.5425	2.3125		
1	14.5295	107.775	45.9225	13.9525	8.0695	4.8685	2.4875		
1	109.981	66.3845	24.5475	8.4455	3.7515	2.5315	1.6905		
1	23.6485	65.2125	23.7685	7.4655	8.0285	5.1455	4.2085		
1	87.7025	40.0155	7.5965	1.7605	1.2525	0.3035	0.7955		
1	151.581	146.607	27.7185	8.7335	2.7935	2.9135	1.1675		
1	88.7745	76.0395	24.9595	9.5415	5.1865	3.1565	1.3265		
1	42.6505	93.7175	21.9185	6.8335	3.9385	3.0565	0.7115		
1	24.1895	15.9245	4.9955	1.8845	2.7715	3.3135	1.2595		
1	62.2215	16.8645	3.2955	1.0885	0.2885	0.6675	0.4785		
1	166.659	101.504	17.9345	4.2315	1.1895	0.6835	0.6684		
1	62.5885	44.8695	13.2645	5.7775	3.4475	1.1415	0.7695		
1	231.008	102.836	22.3815	4.7845	2.2265	0.2685	2.7135		
1	37.5065	75.4595	21.0285	6.2545	2.6065	2.5775	0.6465		
1	249.099	106.498	33.3155	14.6285	7.5245	4.7545	0.7845		
1	146.626	154.488	33.8125	9.1675	3.8695	2.8315	0.8465		
1	94.9145	47.8945	16.5355	9.2765	4.5725	0.9505	1.3515		
1	189.31	58.2185	5.2265	2.5675	0.8135	0.8495	0.6245		
1	80.0705	79.0695	17.8295	4.7915	1.1525	2.1045	0.8065		
1	31.3715	27.4255	9.3865	5.3905	4.1575	0.5675	1.6635		
1	53.3635	41.9375	9.8765	2.5165	1.6535	0.9105	0.5725		
1	156.419	97.0725	28.3925	9.1855	3.7725	2.0645	1.3765		
1	147.808	41.0165	5.4855	2.2645	1.0855	0.9295	0.7035		
1	45.5375	31.4445	19.1445	4.7515	3.5365	1.2165	1.6635		
1	127.094	53.1605	14.2155	3.2315	0.4025	1.0425	0		
1	-1	-1	-1	-1	-1	-1	-1		
1	186.515	27.0285	18.7565	4.0895	2.9985	3.4225	0		
1	75.3905	155.548	23.6635	0	0	0	0		
1	196.154	97.4725	14.8685	3.6135	1.0895	0	0		
1	89.7415	55.6055	33.7815	11.8455	1.3245	0	0		
1	52.0905	99.7425	40.8285	11.8675	10.9225	1.2005	7.4825		
1	26.2675	20.3115	5.6455	14.4675	5.0895	0	0		
1	96.0185	35.8115	9.2565	5.3675	3.7005	6.7565	1.2005		
1	116.69	36.8895	0	0	0	1.6895	0		
1	39.8585	33.5115	9.4645	1.2325	0	0	0		
1	110.16	16.1155	15.6395	0.4405	0	0	0		
1	102.714	18.3059	9.4471	6.1647	4.7412	1.2	0.9412		
1	273.794	45.873	2	2	0	0	0		
1	52.833	115.686	26.71	2	1.3095	0.5	0		
BTS-ISIS									
1985	2016								
1	1	0.66	0.75						
1	7								
1	0.39545	1.28365	0.26525	0.11355	0.05375	0.02135	0.00955		
1	0.22755	0.90425	0.27645	0.10075	0.04255	0.01925	0.00745		
1	0.26385	1.08715	0.27415	0.11135	0.05005	0.03425	0.00765		
1	0.58935	1.19375	0.30315	0.08525	0.03035	0.02755	0.00745		
1	0.37815	1.35885	0.39915	0.12165	0.03985	0.02615	0.01545		
1	2.08255	1.24465	0.25975	0.12565	0.06665	0.02745	0.00965		
1	1.22675	1.66485	0.21705	0.02365	0.01415	0	0.01215		
1	1.36115	1.17845	0.31985	0.03375	0.01545	0.01055	0.00335		
1	1.67955	1.40555	0.18545	0.05225	0.04505	0.00175	0.00075		
1	1.83025	1.58005	0.10225	0.03125	0.00625	0.00325	0.00325		
1	1.83265	0.60705	0.10125	0.01185	0.00895	0.00345	0		
1	0.61465	1.90125	0.11255	0.07465	0.04045	0	0.00915		
1	0.66885	1.30755	0.37765	0.02625	0.03805	0.01335	0.01155		
1	1.91495	0.91595	0.23285	0.15245	0.00475	0	0.00135		
1	1.24255	1.18095	0.19545	0.09545	0.01665	0.00265	0.00115		
1	4.21375	0.84715	0.38565	0.16375	0.05395	0.05465	0		
1	1.04385	1.40955	0.12875	0.15225	0	0	0.04025		
1	2.81445	0.49315	0.14595	0.04625	0.03195	0.02175	0.00095		
1	1.54345	0.87475	0.10115	0.05435	0	0.01215	0.01145		
1	2.16585	0.63995	0.35895	0	0.06855	0.01715	0		
1	1.14255	1.53825	0.52595	0.11575	0.03595	0.00625	0.01215		
1	1.70525	0.79935	0.27315	0.11375	0.00475	0	0		
1	1.34235	0.90235	0.56285	0.27955	0.09035	0.06005	0		
1	1.19555	1.12475	0.43125	0.14325	0.07615	0.01735	0.07975		
1	0.97165	0.41985	0.34585	0.28145	0.15225	0.04955	0.00505		
1	1.69095	0.34825	0.09925	0.07015	0.08895	0.01465	0.01465		
1	1.84005	0.89155	0.16335	0.06325	0.06535	0.01665	0		
1	0.97725	0.93035	0.24015	0.23555	0.02135	0.04495	0.08375		
1	0.66795	0.58505	0.45565	0.15835	0.01775	0.03735	0.04055		
1	2.26954	0.17582	0.22454	0.32127	0.12045	0.04955	0.01422		
1	4.27908	1.16285	0.19162	0.08827	0.09938	0	0.01235		
1	0.77369	1.90925	0.45058	0.05635	0.03461	0.03657	0.02381		
Dutch_BT2_LPUE_longer									
1996	2016								
1	1	0	1						
-1	-1								
1	52.08062								
1	53.91716								
1	51.87763								
1	52.43765								
1	60.40533								
1	65.71833								
1	66.545								
1	68.835								
1	70.225								
1	67.795								
1	69.505								
1	89.185								
1	102.285								
1	105.585								
1	86.595								
1	97.285								
1	93.515								
1	105.955								
1	89.775								
1	94.895								
1	108.18								
Dutch_BT2_LPUE_ages									
2002	2016								
1	1	0	1						
1	9								
1	1.855	14.175	30.435	8.835	6.215	2.155	0.765	0.985	0.165
1	2.445	26.265	14.975	15.425	4.285	2.715	1.615	0.545	0.745
1	3.085	27.655	24.205	5.395	6.075	1.255	0.975	0.345	0.145
1	1.395	23.135	25.495	11.015	1.825	2.855	0.175	0.485	0.195
1	4.115	20.265	27.555	8.395	4.135	1.295	1.615	0.395	0.045
1	1.035	44.695	21.275	14.305	3.945	2.865	0.495	0.725	0.015
1	2.825	31.725	35.775	11.755	12.595	3.735	2.635	0.285	0.775
1	0.945	17.745	38.265	29.205	8.685	4.245	2.015	1.345	0.155
1	3.135	25.515	16.365	17.155	12.945	6.115	2.855	1.225	0.975
1	4.765	31.315	26.085	9.205	11.115	9.125	3.635	1.455	0.585
1	4.445	36.965	23.355	12.035	3.925	5.735	5.205	0.915	0.935
1	3.545	24.035	38.915	17.705	7.705	4.655	6.495	3.915	0.645
1	1.895	14.985	27.385	23.805	10.735	6.315	2.085	2.635	2.225
1	0.875	33.225	17.015	12.325	19.635	6.835	2.055	1.295	1.635
1	0.015	25.165	38.595	13.615	15.675	11.125	2.285	1.315	0.385
UK_LPUE
1989    2016
1	1	0	1						
-1	-1   
1       161.96
1       221.11
1       283.69
1       334.55
1       263.50
1       137.19
1       129.54
1       109.95
1       101.49
1        84.79
1        72.37
1        55.28
1        97.03
1        78.65
1        91.23
1        99.41
1       110.46
1        95.81
1       107.05
1        92.61
1       122.46
1       119.68
1       165.03
1       151.54
1       178.35
1       165.87
1       133.28
1       145.41
Dutch_BT2_LPUE_ModelA									
1995	2016								
1	1	0	1						
-1	-1								
1   0.029005   
1   0.027062
1   0.027335
1   0.025017
1   0.026537
1   0.034002
1   0.034816
1   0.032115
1   0.033646
1   0.032734
1   0.034629
1   0.036482
1   0.047572
1   0.048819
1   0.047743
1   0.042706
1   0.047261
1   0.060853
1   0.068966
1   0.067846
1   0.075625
1   0.086205
Dutch_BT2_LPUE_ModelB									
1995	2016								
1	1	0	1						
-1	-1								
1   0.038529
1   0.038195
1   0.037984
1   0.038016
1   0.038413
1   0.039312
1   0.040855
1   0.043007
1   0.045625
1   0.048528
1   0.051486
1   0.054218
1   0.056635
1   0.058904
1   0.061238
1   0.06389 
1   0.067153
1   0.071256
1   0.07621 
1   0.081994
1   0.088567
1   0.095856
Dutch_BT2_LPUE_ModelC									
1995	2016								
1	1	0	1						
-1	-1								
1   0.029363
1   0.026905
1   0.025623
1   0.026249
1   0.028531
1   0.031457
1   0.033822
1   0.034406
1   0.03286 
1   0.031886
1   0.034407
1   0.040011
1   0.04497 
1   0.046521
1   0.046382
1   0.046822
1   0.049329
1   0.055399
1   0.064454
1   0.073163
1   0.078832
1   0.082574
Dutch_BT2_LPUE_ModelD									
1995	2016								
1	1	0	1						
-1	-1								
1   0.042271
1   0.036913
1   0.037283
1   0.034519
1   0.034486
1   0.04409
1   0.045691
1   0.045351
1   0.046866
1   0.047674
1   0.047145
1   0.048433
1   0.064184
1   0.066611
1   0.065974
1   0.058335
1   0.059202
1   0.073476
1   0.075294
1   0.074674
1   0.087463
1   0.097216
IBTS_Q1_Number_Hour
1977    2017
1         1       0.0       0.25						
-1	-1	
1   0.038
1   0.045
1   0.065
1   0.069
1   0.042
1   0.062
1   0.062
1   0.038
1   0.079
1   0.078
1   0.059
1   0.096
1   0.065
1   0.07
1   0.208
1   0.196
1   0.128
1   0.165
1   0.09
1   0.053
1   0.063
1   0.057
1   0.054
1   0.071
1   0.107
1   0.108
1   0.157
1   0.11
1   0.182
1   0.129
1   0.151
1   0.307
1   0.196
1   0.156
1   0.189
1   0.251
1   0.147
1   0.188
1   0.133
1   0.301
1   0.22
IBTS_Q3_Number_Hour
1991    2016
1         1       0.5      0.75						
-1	-1	
1   0.125
1   0.236
1   0.121
1   0.133
1   0.025
1   0.071
1   0.072
1   0.09
1   0.168
1   0.18
1   0.112
1   0.113
1   0.189
1   0.119
1   0.129
1   0.149
1   0.245
1   0.375
1   0.256
1   0.204
1   0.332
1   0.369
1   0.275
1   0.494
1   0.3
1   0.312
IBTS_Q1_CPUE
1977    2017
1         1       0.0       0.25						
-1	-1	
1   0.046
1   0.042
1   0.096
1   0.116
1   0.071
1   0.118
1   0.122
1   0.056
1   0.096
1   0.148
1   0.122
1   0.324
1   0.098
1   0.044
1   0.339
1   0.21
1   0.178
1   0.384
1   0.085
1   0.047
1   0.046
1   0.054
1   0.063
1   0.062
1   0.205
1   0.129
1   0.359
1   0.13
1   0.231
1   0.147
1   0.196
1   0.411
1   0.183
1   0.181
1   0.238
1   0.377
1   0.158
1   0.257
1   0.301
1   0.201
1   0.284
IBTS_Q3_CPUE
1991    2016
1         1       0.5      0.75						
-1	-1	
1   0.15
1   0.288
1   0.276
1   0.135
1   0.018
1   0.052
1   0.07
1   0.098
1   0.198
1   0.727
1   0.112
1   0.154
1   0.202
1   0.135
1   0.085
1   0.232
1   0.52
1   0.352
1   0.367
1   0.371
1   0.368
1   0.36
1   0.45
1   1.504
1   0.282
1   0.282
IBTS_Q1_CPUE_EB
1977    2017
1         1       0.0       0.25						
-1	-1	
1   0.044
1   0.037
1   0.095
1   0.115
1   0.07
1   0.118
1   0.119
1   0.056
1   0.094
1   0.148
1   0.122
1   0.322
1   0.092
1   0.037
1   0.332
1   0.207
1   0.173
1   0.38
1   0.079
1   0.044
1   0.039
1   0.053
1   0.06
1   0.061
1   0.193
1   0.125
1   0.354
1   0.125
1   0.223
1   0.14
1   0.189
1   0.4
1   0.169
1   0.173
1   0.232
1   0.371
1   0.14
1   0.254
1   0.293
1   0.166
1   0.276
IBTS_Q3_CPUE_EB
1991    2016
1         1       0.5      0.75						
-1	-1	
1   0.143
1   0.279
1   0.272
1   0.13
1   0.014
1   0.044
1   0.066
1   0.089
1   0.187
1   0.721
1   0.102
1   0.153
1   0.178
1   0.129
1   0.062
1   0.231
1   0.51
1   0.312
1   0.365
1   0.361
1   0.32
1   0.327
1   0.427
1   1.499
1   0.241
1   0.25
BTS_DG
2002 2016 
1 1  0.65 0.65 
1 5 
1 210.4242 97.8789 28.9255 6.1903 17.1121
1 155.9206 146.8174 13.197 11.1864 6.5409
1 212.7695 94.5135 49.4735 33.911 0
1 101.7786 179.7096 87.7089 20.9728 14.7514
1 200.3758 144.8922 60.6239 15.7143 3.1058
1 123.909 185.5998 93.9208 62.4415 29.3854
1 133.2685 192.377 91.326 20.2927 28.6216
1 141.0138 68.836 94.5761 69.6628 55.1624
1 153.3284 96.5128 29.3069 11.3823 25.3088
1 261.4181 148.6612 27.6085 5.7071 39.6799
1 122.5659 216.9693 89.0948 46.6816 47.3794
1 85.274 110.1866 118.8864 38.4699 19.3691
1 256.2754 62.5877 74.9475 63.7319 26.2632
1 463.6577 188.6388 44.4596 13.5927 32.6781
1 113.4976 315.233 110.4168 10.0045 28.0139

							
 
