Turbot in IV Mean Weight in Landings	04/05/2016 JJP  spline values estimated in trial assessments								
1	3								
1975	2016								
1	10								
1									
 0.282113 0.597977 1.02834 1.55418 2.15264 2.80077 3.47758 4.16502 4.84831 5.51586
 0.293028 0.621112 1.06813 1.61431 2.23593 2.90913 3.61212 4.32616 5.03589 5.72926
 0.304417 0.645252 1.10964 1.67705 2.32283 3.0222 3.75251 4.4943 5.23161 5.95193
 0.316214 0.670257 1.15264 1.74205 2.41285 3.13931 3.89793 4.66846 5.43435 6.18259
 0.328341 0.695963 1.19685 1.80886 2.50538 3.25971 4.04742 4.84751 5.64277 6.4197
 0.340708 0.722176 1.24193 1.87698 2.59974 3.38249 4.19986 5.03008 5.8553 6.66149
 0.353207 0.74867 1.28749 1.94585 2.69512 3.50658 4.35394 5.21462 6.07011 6.90588
 0.365719 0.775191 1.3331 2.01478 2.79059 3.6308 4.50818 5.39935 6.28514 7.15052
 0.378108 0.801451 1.37826 2.08303 2.88513 3.75379 4.6609 5.58225 6.49805 7.39274
 0.390224 0.827132 1.42242 2.14977 2.97757 3.87407 4.81024 5.76112 6.70627 7.62963
 0.401902 0.851885 1.46499 2.21411 3.06668 3.99001 4.9542 5.93354 6.90697 7.85796
 0.412967 0.875338 1.50532 2.27506 3.15111 4.09986 5.09059 6.09689 7.09712 8.07429
 0.423231 0.897094 1.54274 2.33161 3.22943 4.20176 5.21711 6.24842 7.27351 8.27497
 0.4325 0.916742 1.57652 2.38268 3.30016 4.29379 5.33138 6.38527 7.43281 8.45621
 0.440577 0.933862 1.60597 2.42717 3.36179 4.37397 5.43094 6.50452 7.57162 8.61413
 0.447263 0.948034 1.63034 2.46401 3.41281 4.44035 5.51336 6.60323 7.68653 8.74486
 0.452366 0.95885 1.64894 2.49212 3.45174 4.49101 5.57626 6.67856 7.77422 8.84462
 0.455702 0.965921 1.6611 2.5105 3.4772 4.52413 5.61738 6.72781 7.83155 8.90984
 0.457105 0.968894 1.66621 2.51822 3.4879 4.53805 5.63467 6.74852 7.85566 8.93727
 0.45643 0.967464 1.66375 2.51451 3.48275 4.53135 5.62635 6.73856 7.84406 8.92408
 0.45356 0.961381 1.65329 2.4987 3.46086 4.50287 5.59098 6.6962 7.79474 8.86797
 0.44842 0.950486 1.63455 2.47038 3.42164 4.45184 5.52762 6.62031 7.70641 8.76748
 0.441136 0.935047 1.608 2.43025 3.36606 4.37952 5.43783 6.51277 7.58123 8.62506
 0.432023 0.91573 1.57478 2.38005 3.29652 4.28905 5.32549 6.37823 7.42461 8.44688
 0.42141 0.893234 1.5361 2.32158 3.21553 4.18368 5.19467 6.22154 7.24222 8.23937
 0.409621 0.868247 1.49313 2.25663 3.12558 4.06665 5.04935 6.0475 7.03962 8.00888
 0.39697 0.84143 1.44701 2.18694 3.02905 3.94104 4.8934 5.86071 6.8222 7.76152
 0.383748 0.813404 1.39881 2.11409 2.92816 3.80978 4.73041 5.66551 6.59497 7.503
 0.370224 0.784739 1.34952 2.03959 2.82496 3.67552 4.5637 5.46585 6.36255 7.23859
 0.35664 0.755946 1.3 1.96476 2.72131 3.54066 4.39626 5.2653 6.1291 6.97299
 0.343209 0.727478 1.25105 1.89077 2.61883 3.40732 4.2307 5.06701 5.89829 6.7104
 0.330117 0.699728 1.20332 1.81864 2.51893 3.27735 4.06932 4.87373 5.67329 6.45443
 0.317523 0.673031 1.15741 1.74926 2.42283 3.15231 3.91406 4.68779 5.45684 6.20817
 0.305559 0.647672 1.1138 1.68334 2.33154 3.03353 3.76658 4.51115 5.25123 5.97426
 0.294337 0.623886 1.0729 1.62152 2.24591 2.92212 3.62825 4.34548 5.05838 5.75485
 0.28395 0.60187 1.03504 1.5643 2.16666 2.819 3.50021 4.19213 4.87987 5.55176
 0.274475 0.581786 1.0005 1.5121 2.09436 2.72494 3.38342 4.05224 4.71704 5.36651
 0.265977 0.563773 0.969522 1.46529 2.02951 2.64057 3.27866 3.92678 4.57099 5.20035
 0.258512 0.547952 0.942314 1.42416 1.97256 2.56647 3.18665 3.81658 4.44271 5.05441
 0.252135 0.534434 0.919067 1.38903 1.9239 2.50315 3.10804 3.72243 4.33311 4.92972
 0.246897 0.52333 0.899973 1.36017 1.88393 2.45115 3.04346 3.64509 4.24309 4.8273
 0.242853 0.51476 0.885235 1.3379 1.85307 2.41101 2.99362 3.5854 4.1736 4.74825
