Turbot in IV Mean Weight in Stock (Q2 wts) 04/05/2016 JJP  (estimated in 2016 spline model)								
1	4								
1975	2016								
1	10								
1									
 0.271349 0.57516 0.989104 1.49488 2.0705 2.6939 3.34488 4.00609 4.66331 5.30539
 0.281847 0.597412 1.02737 1.55272 2.15061 2.79813 3.47429 4.16108 4.84373 5.51065
 0.292801 0.620631 1.0673 1.61306 2.2342 2.90688 3.60932 4.32281 5.03199 5.72482
 0.304148 0.644682 1.10866 1.67557 2.32078 3.01953 3.74919 4.49033 5.22699 5.94667
 0.315813 0.669407 1.15118 1.73984 2.40978 3.13533 3.89298 4.66254 5.42746 6.17474
 0.327707 0.694619 1.19454 1.80536 2.50054 3.25342 4.03961 4.83815 5.63187 6.4073
 0.33973 0.720103 1.23836 1.8716 2.59228 3.37278 4.18781 5.01565 5.83849 6.64237
 0.351764 0.745612 1.28223 1.9379 2.68411 3.49226 4.33616 5.19332 6.04531 6.87767
 0.363681 0.77087 1.32567 2.00354 2.77504 3.61056 4.48305 5.36925 6.2501 7.11066
 0.375334 0.79557 1.36814 2.06774 2.86396 3.72625 4.6267 5.54129 6.45037 7.3385
 0.386567 0.819379 1.40909 2.12962 2.94967 3.83776 4.76516 5.70713 6.64341 7.55812
 0.397209 0.841937 1.44788 2.18825 3.03087 3.94342 4.89635 5.86425 6.82631 7.7662
 0.407081 0.862863 1.48387 2.24264 3.1062 4.04143 5.01804 6.01 6.99597 7.95922
 0.415997 0.881761 1.51637 2.29176 3.17423 4.12995 5.12795 6.14163 7.1492 8.13354
 0.423766 0.898228 1.54469 2.33456 3.23351 4.20707 5.22371 6.25632 7.28271 8.28544
 0.430197 0.91186 1.56813 2.36999 3.28258 4.27092 5.30298 6.35127 7.39323 8.41117
 0.435105 0.922262 1.58602 2.39702 3.32003 4.31964 5.36348 6.42372 7.47757 8.50713
 0.438313 0.929063 1.59771 2.4147 3.34452 4.3515 5.40303 6.4711 7.53271 8.56987
 0.439663 0.931924 1.60263 2.42213 3.35481 4.36489 5.41967 6.49102 7.5559 8.59625
 0.439014 0.930548 1.60027 2.41856 3.34986 4.35845 5.41167 6.48143 7.54475 8.58356
 0.436253 0.924697 1.59021 2.40335 3.3288 4.33105 5.37764 6.44069 7.49732 8.52959
 0.43131 0.914218 1.57218 2.37612 3.29107 4.28197 5.3167 6.3677 7.41235 8.43293
 0.424303 0.899368 1.54665 2.33752 3.23761 4.21241 5.23034 6.26426 7.29195 8.29595
 0.415538 0.880788 1.51469 2.28923 3.17073 4.12539 5.12229 6.13485 7.14131 8.12457
 0.40533 0.859151 1.47748 2.23299 3.09284 4.02404 4.99645 5.98414 6.96587 7.92498
 0.393991 0.835117 1.43615 2.17053 3.00632 3.91147 4.85668 5.81674 6.77101 7.70328
 0.381822 0.809323 1.3918 2.10349 2.91347 3.79066 4.70668 5.63708 6.56188 7.46536
 0.369105 0.782367 1.34544 2.03343 2.81643 3.66441 4.54991 5.44933 6.34332 7.21671
 0.356097 0.754795 1.29802 1.96177 2.71717 3.53527 4.38956 5.25728 6.11977 6.96238
 0.343031 0.727101 1.2504 1.88979 2.61747 3.40555 4.2285 5.06439 5.89523 6.70692
 0.330113 0.699719 1.20331 1.81862 2.5189 3.27731 4.06926 4.87367 5.67322 6.45435
 0.317521 0.673028 1.15741 1.74925 2.42282 3.15229 3.91404 4.68776 5.45681 6.20814
 0.305407 0.64735 1.11325 1.68251 2.33038 3.03202 3.76471 4.50891 5.24862 5.97129
 0.293899 0.622958 1.0713 1.61911 2.24257 2.91778 3.62286 4.33902 5.05086 5.74629
 0.283106 0.60008 1.03196 1.55965 2.16022 2.81062 3.48981 4.17967 4.86536 5.53526
 0.273115 0.578904 0.995542 1.50461 2.08398 2.71144 3.36666 4.03217 4.69367 5.33992
 0.264001 0.559586 0.962322 1.4544 2.01444 2.62096 3.25431 3.89762 4.53705 5.16174
 0.255828 0.542261 0.932527 1.40937 1.95207 2.53981 3.15356 3.77694 4.39657 5.00192
 0.248648 0.527043 0.906358 1.36982 1.89729 2.46854 3.06506 3.67095 4.27319 4.86155
 0.242514 0.514041 0.883998 1.33603 1.85049 2.40764 2.98944 3.58039 4.16777 4.74162
 0.237476 0.503361 0.865632 1.30827 1.81204 2.35762 2.92733 3.506 4.08118 4.64311
 0.233587 0.495118 0.851456 1.28685 1.78237 2.31901 2.87939 3.44859 4.01435 4.56707
